int GP_BLOSUM_80 = -6;
int BLOSUM_80[26][26] = {
//      A   B   C   D   E   F   G   H   I   J   K   L   M   N   O   P   Q   R   S   T   U   V   W   X   Y   Z
/*A*/{  5, -2, -1, -2, -1, -3,  0, -2, -2, -2, -1, -2, -1, -2,  0, -1, -1, -2,  1,  0,  0,  0, -3, -1, -2, -1},
/*B*/{ -2,  5, -4,  5,  1, -4, -1, -1, -4, -4, -1, -4, -3,  5,  0, -2,  0, -1,  0, -1,  0, -4, -5, -1, -3,  0},
/*C*/{ -1, -4,  9, -4, -5, -3, -4, -4, -2, -2, -4, -2, -2, -3,  0, -4, -4, -4, -2, -1,  0, -1, -3, -1, -3, -4},
/*D*/{ -2,  5, -4,  6,  1, -4, -2, -2, -4, -5, -1, -5, -4,  1,  0, -2, -1, -2, -1, -1,  0, -4, -6, -1, -4,  1},
/*E*/{ -1,  1, -5,  1,  6, -4, -3,  0, -4, -4,  1, -4, -2, -1,  0, -2,  2, -1,  0, -1,  0, -3, -4, -1, -3,  5},
/*F*/{ -3, -4, -3, -4, -4,  6, -4, -2, -1,  0, -4,  0,  0, -4,  0, -4, -4, -4, -3, -2,  0, -1,  0, -1,  3, -4},
/*G*/{  0, -1, -4, -2, -3, -4,  6, -3, -5, -5, -2, -4, -4, -1,  0, -3, -2, -3, -1, -2,  0, -4, -4, -1, -4, -3},
/*H*/{ -2, -1, -4, -2,  0, -2, -3,  8, -4, -4, -1, -3, -2,  0,  0, -3,  1,  0, -1, -2,  0, -4, -3, -1,  2,  0},
/*I*/{ -2, -4, -2, -4, -4, -1, -5, -4,  5,  3, -3,  1,  1, -4,  0, -4, -3, -3, -3, -1,  0,  3, -3, -1, -2, -4},
/*J*/{ -2, -4, -2, -5, -4,  0, -5, -4,  3,  3, -3,  3,  2, -4,  0, -4, -3, -3, -3, -1,  0,  2, -3, -1, -2, -3},
/*K*/{ -1, -1, -4, -1,  1, -4, -2, -1, -3, -3,  5, -3, -2,  0,  0, -1,  1,  2, -1, -1,  0, -3, -4, -1, -3,  1},
/*L*/{ -2, -4, -2, -5, -4,  0, -4, -3,  1,  3, -3,  4,  2, -4,  0, -3, -3, -3, -3, -2,  0,  1, -2, -1, -2, -3},
/*M*/{ -1, -3, -2, -4, -2,  0, -4, -2,  1,  2, -2,  2,  6, -3,  0, -3,  0, -2, -2, -1,  0,  1, -2, -1, -2, -1},
/*N*/{ -2,  5, -3,  1, -1, -4, -1,  0, -4, -4,  0, -4, -3,  6,  0, -3,  0, -1,  0,  0,  0, -4, -4, -1, -3,  0},
/*O*/{  0,  0,  0,  0,  0,  0,  0,  0,  0,  0,  0,  0,  0,  0,  0,  0,  0,  0,  0,  0,  0,  0,  0,  0,  0,  0},
/*P*/{ -1, -2, -4, -2, -2, -4, -3, -3, -4, -4, -1, -3, -3, -3,  0,  8, -2, -2, -1, -2,  0, -3, -5, -1, -4, -2},
/*Q*/{ -1,  0, -4, -1,  2, -4, -2,  1, -3, -3,  1, -3,  0,  0,  0, -2,  6,  1,  0, -1,  0, -3, -3, -1, -2,  4},
/*R*/{ -2, -1, -4, -2, -1, -4, -3,  0, -3, -3,  2, -3, -2, -1,  0, -2,  1,  6, -1, -1,  0, -3, -4, -1, -3,  0},
/*S*/{  1,  0, -2, -1,  0, -3, -1, -1, -3, -3, -1, -3, -2,  0,  0, -1,  0, -1,  5,  1,  0, -2, -4, -1, -2,  0},
/*T*/{  0, -1, -1, -1, -1, -2, -2, -2, -1, -1, -1, -2, -1,  0,  0, -2, -1, -1,  1,  5,  0,  0, -4, -1, -2, -1},
/*U*/{  0,  0,  0,  0,  0,  0,  0,  0,  0,  0,  0,  0,  0,  0,  0,  0,  0,  0,  0,  0,  0,  0,  0,  0,  0,  0},
/*V*/{  0, -4, -1, -4, -3, -1, -4, -4,  3,  2, -3,  1,  1, -4,  0, -3, -3, -3, -2,  0,  0,  4, -3, -1, -2, -3},
/*W*/{ -3, -5, -3, -6, -4,  0, -4, -3, -3, -3, -4, -2, -2, -4,  0, -5, -3, -4, -4, -4,  0, -3, 11, -1,  2, -3},
/*X*/{ -1, -1, -1, -1, -1, -1, -1, -1, -1, -1, -1, -1, -1, -1,  0, -1, -1, -1, -1, -1,  0, -1, -1, -1, -1, -1},
/*Y*/{ -2, -3, -3, -4, -3,  3, -4,  2, -2, -2, -3, -2, -2, -3,  0, -4, -2, -3, -2, -2,  0, -2,  2, -1,  7, -3},
/*Z*/{ -1,  0, -4,  1,  5, -4, -3,  0, -4, -3,  1, -3, -1,  0,  0, -2,  4,  0,  0, -1,  0, -3, -3, -1, -3,  5}
};