int GP_PAM70 = -11;
int PAM_70[26][26] = {
//      A    B    C    D    E    F    G    H    I    J    K    L    M    N    O    P    Q    R    S    T    U    V    W    X    Y    Z
/*A*/{  5,  -1,  -4,  -1,  -1,  -6,   0,  -4,  -2,  -3,  -4,  -4,  -3,  -2,   0,   0,  -2,  -4,   1,   1,   0,  -1,  -9,  -1,  -5,  -1},
/*B*/{ -1,   5,  -8,   5,   2,  -7,  -1,   0,  -4,  -5,  -1,  -6,  -6,   5,   0,  -4,  -1,  -4,   0,  -1,   0,  -5,  -7,  -1,  -4,   1},
/*C*/{ -4,  -8,   9,  -9,  -9,  -8,  -6,  -5,  -4,  -7,  -9, -10,  -9,  -7,   0,  -5,  -9,  -5,  -1,  -5,   0,  -4, -11,  -1,  -2,  -9},
/*D*/{ -1,   5,  -9,   6,   3, -10,  -1,  -1,  -5,  -7,  -2,  -8,  -7,   3,   0,  -4,   0,  -6,  -1,  -2,   0,  -5, -10,  -1,  -7,   2},
/*E*/{ -1,   2,  -9,   3,   6,  -9,  -2,  -2,  -4,  -5,  -2,  -6,  -4,   0,   0,  -3,   2,  -5,  -2,  -3,   0,  -4, -11,  -1,  -6,   5},
/*F*/{ -6,  -7,  -8, -10,  -9,   8,  -7,  -4,   0,  -1,  -9,  -1,  -2,  -6,   0,  -7,  -9,  -7,  -4,  -6,   0,  -5,  -2,  -1,   4,  -9},
/*G*/{  0,  -1,  -6,  -1,  -2,  -7,   6,  -6,  -6,  -7,  -5,  -7,  -6,  -1,   0,  -3,  -4,  -6,   0,  -3,   0,  -3, -10,  -1,  -9,  -3},
/*H*/{ -4,   0,  -5,  -1,  -2,  -4,  -6,   8,  -6,  -4,  -3,  -4,  -6,   1,   0,  -2,   2,   0,  -3,  -4,   0,  -4,  -5,  -1,  -1,   1},
/*I*/{ -2,  -4,  -4,  -5,  -4,   0,  -6,  -6,   7,   4,  -4,   1,   1,  -3,   0,  -5,  -5,  -3,  -4,  -1,   0,   3,  -9,  -1,  -4,  -4},
/*J*/{ -3,  -5,  -7,  -7,  -5,  -1,  -7,  -4,   4,   5,  -5,   5,   2,  -4,   0,  -5,  -3,  -5,  -5,  -3,   0,   1,  -5,  -1,  -4,  -4},
/*K*/{ -4,  -1,  -9,  -2,  -2,  -9,  -5,  -3,  -4,  -5,   6,  -5,   0,   0,   0,  -4,  -1,   2,  -2,  -1,   0,  -6,  -7,  -1,  -7,  -2},
/*L*/{ -4,  -6, -10,  -8,  -6,  -1,  -7,  -4,   1,   5,  -5,   6,   2,  -5,   0,  -5,  -3,  -6,  -6,  -4,   0,   0,  -4,  -1,  -4,  -4},
/*M*/{ -3,  -6,  -9,  -7,  -4,  -2,  -6,  -6,   1,   2,   0,   2,  10,  -5,   0,  -5,  -2,  -2,  -3,  -2,   0,   0,  -8,  -1,  -7,  -3},
/*N*/{ -2,   5,  -7,   3,   0,  -6,  -1,   1,  -3,  -4,   0,  -5,  -5,   6,   0,  -3,  -1,  -3,   1,   0,   0,  -5,  -6,  -1,  -3,  -1},
/*O*/{  0,   0,   0,   0,   0,   0,   0,   0,   0,   0,   0,   0,   0,   0,   0,   0,   0,   0,   0,   0,   0,   0,   0,   0,   0,   0},
/*P*/{  0,  -4,  -5,  -4,  -3,  -7,  -3,  -2,  -5,  -5,  -4,  -5,  -5,  -3,   0,   7,  -1,  -2,   0,  -2,   0,  -3,  -9,  -1,  -9,  -2},
/*Q*/{ -2,  -1,  -9,   0,   2,  -9,  -4,   2,  -5,  -3,  -1,  -3,  -2,  -1,   0,  -1,   7,   0,  -3,  -3,   0,  -4,  -8,  -1,  -8,   5},
/*R*/{ -4,  -4,  -5,  -6,  -5,  -7,  -6,   0,  -3,  -5,   2,  -6,  -2,  -3,   0,  -2,   0,   8,  -1,  -4,   0,  -5,   0,  -1,  -7,  -2},
/*S*/{  1,   0,  -1,  -1,  -2,  -4,   0,  -3,  -4,  -5,  -2,  -6,  -3,   1,   0,   0,  -3,  -1,   5,   2,   0,  -3,  -3,  -1,  -5,  -2},
/*T*/{  1,  -1,  -5,  -2,  -3,  -6,  -3,  -4,  -1,  -3,  -1,  -4,  -2,   0,   0,  -2,  -3,  -4,   2,   6,   0,  -1,  -8,  -1,  -4,  -3},
/*U*/{  0,   0,   0,   0,   0,   0,   0,   0,   0,   0,   0,   0,   0,   0,   0,   0,   0,   0,   0,   0,   0,   0,   0,   0,   0,   0},
/*V*/{ -1,  -5,  -4,  -5,  -4,  -5,  -3,  -4,   3,   1,  -6,   0,   0,  -5,   0,  -3,  -4,  -5,  -3,  -1,   0,   6, -10,  -1,  -5,  -4},
/*W*/{ -9,  -7, -11, -10, -11,  -2, -10,  -5,  -9,  -5,  -7,  -4,  -8,  -6,   0,  -9,  -8,   0,  -3,  -8,   0, -10,  13,  -1,  -3, -10},
/*X*/{ -1,  -1,  -1,  -1,  -1,  -1,  -1,  -1,  -1,  -1,  -1,  -1,  -1,  -1,   0,  -1,  -1,  -1,  -1,  -1,   0,  -1,  -1,  -1,  -1,  -1},
/*Y*/{ -5,  -4,  -2,  -7,  -6,   4,  -9,  -1,  -4,  -4,  -7,  -4,  -7,  -3,   0,  -9,  -8,  -7,  -5,  -4,   0,  -5,  -3,  -1,   9,  -7},
/*Z*/{ -1,   1,  -9,   2,   5,  -9,  -3,   1,  -4,  -4,  -2,  -4,  -3,  -1,   0,  -2,   5,  -2,  -2,  -3,   0,  -4, -10,  -1,  -7,   5}
};